840 269 909
108 240
978 297
474 362
999 994
121 72
704 261
300 285
281 239
882 563
486 972
933 295
131 280
741 374
457 78
44 15
45 12
870 749
331 843
53 61
241 584
76 195
522 955
910 695
877 917
737 228
256 443
357 4
229 98
487 648
352 416
363 559
136 205
880 634
508 874
61 136
730 78
861 203
420 919
692 605
60 96
789 809
670 301
242 923
994 586
849 700
750 483
461 615
738 944
474 897
610 953
759 303
260 579
681 347
302 741
754 119
383 253
860 251
484 340
451 93
176 592
960 711
817 462
477 429
564 598
748 728
684 889
987 590
927 826
881 759
544 339
581 728
263 535
662 217
878 823
778 378
442 246
101 44
307 217
115 349
182 68
980 132
895 300
564 407
445 147
354 447
705 595
171 58
674 617
589 594
758 366
632 779
130 170
153 478
547 37
642 860
129 164
790 364
74 168
565 997
939 220
478 651
135 80
872 671
253 421
664 473
109 136
491 675
120 106
225 464
660 403
491 428
509 462
640 847
920 112
496 168
73 176
127 204
567 341
570 578
393 156
873 286
647 627
193 282
1000 154
648 910
465 868
837 54
629 488
940 953
264 740
417 483
159 417
960 748
656 146
200 253
611 125
61 16
858 559
866 102
566 6
720 357
973 364
725 259
883 461
234 259
520 780
176 642
409 352
31 0
926 231
710 606
48 88
202 427
566 956
607 666
125 388
129 85
535 907
172 707
921 456
971 336
817 484
373 157
597 923
454 918
786 754
63 31
980 719
257 132
331 665
952 522
644 88
506 388
517 446
339 651
571 770
751 629
866 914
390 953
676 441
194 379
203 284
55 38
142 174
261 89
617 332
321 11
156 490
699 994
109 316
528 210
569 416
391 761
416 759
400 441
435 56
272 401
531 746
288 381
509 987
376 34
395 274
589 728
730 462
677 494
698 854
916 299
950 672
542 231
792 770
680 355
918 456
898 517
953 336
959 531
90 210
152 436
281 665
265 143
535 742
721 651
411 365
403 880
924 614
358 971
495 814
261 442
983 910
988 325
200 372
310 898
304 412
212 25
1000 831
527 302
243 247
455 566
218 520
576 800
305 580
481 143
735 553
933 293
276 621
92 22
573 843
156 183
533 156
66 111
420 565
777 52
911 162
210 692
721 516
761 407
381 259
903 361
901 663
990 467
848 231
881 5
585 870
949 501
707 607
230 18
183 544
142 405
637 804
229 103
587 1
204 49
994 100
456 854
598 165
529 564
217 174
981 578
244 147
710 629
184 751
713 779
129 316
164 157
758 766
634 456
136 27
83 133
538 559
363 691
476 566
739 743
642 912
446 988
746 949
924 833
344 634
811 197
594 859
930 371
335 66
889 154
81 71
658 843
692 648
672 21
689 975
485 694
270 244
56 10
553 209
414 924
565 781
908 788
702 423
967 429
915 40
183 468
112 95
591 793
255 392
891 245
757 69
688 679
643 446
342 715
779 573
458 937
192 150
75 118
727 924
542 282
177 115
709 524
769 105
47 17
319 407
455 726
956 455
720 405
969 880
842 650
473 583
755 389
848 329
972 961
602 27
854 182
885 746
362 161
347 568
675 926
464 553
555 675
36 24
901 141
816 763
982 834
341 481
94 87
528 510
747 727
576 393
468 918
285 452
993 764
87 131
951 170
485 984
62 85
881 844
74 131
529 3
669 498
796 861
535 798
527 337
299 939
802 143
863 398
74 118
190 191
236 881
828 637
417 258
790 533
739 291
89 122
355 52
272 209
84 132
816 342
871 560
158 283
173 508
229 936
577 899
242 631
389 848
165 152
486 182
488 260
750 574
378 546
576 397
698 109
425 864
62 0
505 443
836 364
929 2
162 598
288 874
278 329
324 728
813 644
472 779
196 408
708 291
821 657
202 324
178 3
98 256
382 660
793 849
603 297
843 200
429 403
216 396
902 852
508 343
687 528
68 91
906 84
797 714
347 624
915 217
109 297
845 281
129 256
546 77
856 273
173 580
863 539
297 327
904 537
648 449
862 791
133 264
285 196
679 273
869 539
545 205
817 787
767 222
929 499
989 930
789 576
969 508
593 624
504 326
408 172
888 778
231 69
248 509
393 213
366 616
965 308
536 319
100 87
846 838
304 704
226 442
895 491
756 338
458 494
150 17
295 496
962 671
59 98
738 962
366 461
231 69
762 280
287 361
355 724
592 344
861 289
339 988
600 970
294 115
806 951
412 284
536 466
630 962
669 965
71 205
402 105
523 651
697 912
543 528
927 189
742 580
185 256
445 669
938 902
979 884
814 149
922 533
668 425
983 413
648 954
883 547
999 484
991 160
475 906
482 132
468 331
82 231
789 22
439 547
238 325
221 778
138 517
272 380
292 44
622 832
775 316
425 385
250 231
411 316
795 589
868 499
409 616
46 54
299 905
85 252
387 282
518 566
488 518
416 570
328 249
924 154
542 117
721 867
626 99
123 61
577 826
173 14
721 881
473 679
168 438
544 858
126 119
246 87
915 52
562 189
787 126
456 210
361 77
810 320
594 537
955 16
375 601
53 107
777 139
569 835
179 436
506 80
96 323
119 220
331 540
898 11
492 413
359 798
214 16
960 366
179 62
857 448
461 867
562 923
511 66
952 280
743 742
640 361
807 936
981 858
164 521
374 841
699 149
174 161
484 231
644 736
908 23
558 35
129 404
758 666
927 210
533 958
507 375
851 338
571 6
432 256
205 318
317 434
540 236
219 722
475 113
264 898
30 0
306 235
634 797
469 398
86 243
610 914
650 0
915 376
151 422
74 84
970 12
43 62
966 115
693 533
904 495
649 123
469 449
702 119
529 970
92 261
55 89
240 345
226 800
746 907
970 167
561 202
573 423
356 116
456 17
806 962
267 577
113 136
463 0
903 767
355 527
95 247
222 44
459 658
714 571
101 80
364 895
897 468
364 169
934 952
190 495
165 468
284 946
647 390
643 250
52 57
457 969
475 462
769 501
304 957
288 600
679 364
225 804
600 208
233 241
342 13
110 261
720 518
225 752
585 469
143 242
357 532
297 341
942 846
310 56
904 822
482 689
773 100
446 350
276 178
384 717
937 581
162 161
267 637
394 596
42 21
764 353
736 539
870 875
616 721
250 900
353 718
147 512
415 499
127 266
194 416
940 903
621 161
228 114
521 188
225 109
902 86
268 169
89 152
507 619
193 72
197 488
554 266
540 715
538 49
320 780
544 685
483 467
763 868
424 161
967 615
693 325
447 990
901 490
756 825
714 806
881 303
556 625
589 637
86 220
227 320
320 262
148 6
987 617
853 797
916 546
606 704
945 574
286 749
908 875
98 221
227 934
247 931
588 706
33 0
347 945
126 346
210 663
988 976
267 146
660 676
514 539
708 518
979 628
309 753
647 715
628 967
455 644
251 117
729 843
696 713
270 352
313 906
925 954
171 462
182 443
681 867
58 89
619 469
850 364
860 848
654 651
886 715
326 639
119 440
86 121
675 0
682 297
305 475
342 872
604 97
178 249
455 780
70 96
857 280
145 207
690 78
396 147
621 338
277 520
306 177
97 48
526 133
953 760
177 268
750 558
74 55
382 748
155 568
836 121
638 468
822 369
720 597
44 17
130 219
531 700
582 16
402 196
367 868
201 46
52 24
559 224
514 139
990 811
664 271
165 299
81 112
783 111
450 0
932 398
510 169
576 16
279 216
378 26
637 43
204 745
502 25
426 832
166 123
834 946
235 735
926 250
840 699
724 704
777 806
59 14
609 493
666 128
976 52
897 0
191 103
443 868
53 56
